<?xml version="1.0"?>
<opencv_storage>
<intrinsic type_id="opencv-matrix">
  <rows>3</rows>
  <cols>3</cols>
  <dt>d</dt>
  <data>
    1.2695807142630263e+03 0. 1.0194545154572768e+03 0.
    1.2669789511191061e+03 1.0234184529168024e+03 0. 0. 1.</data></intrinsic>
<distCoeffs type_id="opencv-matrix">
  <rows>1</rows>
  <cols>5</cols>
  <dt>d</dt>
  <data>
    -3.2038723160050908e-01 9.8072799367428160e-02
    2.7920735192665726e-04 -3.0193952159053203e-04
    -1.3525144804884889e-02</data></distCoeffs>
</opencv_storage>
